----------------------------------------------------------------------------------------
              |    1750-1762      1763-1778     1778-1783      1784-1795        Total   
--------------+-------------------------------------------------------------------------
Great Britain |                                                                         
  STDT        |  1,409   0.17   2,313   0.28    248   0.03   1,486   0.18   5,456   0.66
  Sample      |     44   0.12     123   0.33     17   0.05      24   0.06     208   0.56
Netherlands   |                                                                         
  STDT        |    168   0.02     305   0.04     44   0.01      79   0.01     596   0.07
  Sample      |     24   0.06      50   0.13      6   0.02      10   0.03      90   0.24
France        |                                                                         
  STDT        |    355   0.04     815   0.10    105   0.01     980   0.12   2,255   0.27
  Sample      |                    43   0.11      1   0.00      32   0.09      76   0.20
Total         |                                                                         
  STDT        |  1,932   0.23   3,433   0.41    397   0.05   2,545   0.31   8,307   1.00
  Sample      |     68   0.18     216   0.58     24   0.06      66   0.18     374   1.00
----------------------------------------------------------------------------------------
